2	57731
5	74357
8	33872
11	51896
14	10175
17	33848
20	7475
23	1623
26	2700
29	6971
32	1215
35	2177
38	4851
41	2208
44	5977
47	4562
50	877
53	614
56	7527
59	255
62	917
65	1620
68	898
71	1536
74	1183
77	2351
80	2059
83	1461
86	101
89	30
92	504
95	261
98	1338
101	179
104	2184
107	357
110	80
113	436
116	1017
119	68
122	469
125	418
128	702
131	312
137	1160
140	887
143	146
146	26
149	926
152	429
155	151
158	397
161	66
164	25
167	72
170	158
173	419
176	198
179	53
182	23
185	2497
188	78
191	10
194	45
197	9
200	461
203	1
206	141
209	19
212	1
215	37
218	4
221	28
224	72
227	8
230	922
233	73
236	40
239	2
242	14
248	178
251	527
254	19
260	125
272	66
275	11
278	8
287	69
290	1200
293	3
296	35
311	17
320	29
323	60
326	30
329	111
338	10
344	28
350	17
368	61
383	22
392	371
416	35
428	20
440	20
446	51
449	7
455	2
464	41
476	16
485	22
488	15
512	13
530	458
536	7
560	9
566	1
569	109
584	4
593	62
602	88
608	8
614	4
632	12
653	14
656	6
680	8
704	12
728	5
752	5
755	13
776	3
800	9
815	680
824	8
839	10
848	3
872	6
896	1
914	340
920	4
929	99
944	6
968	4
974	55
989	410
992	1
1040	28
1055	308
1064	2
1088	1
1112	2
1136	2
1154	99
1208	1
1415	1
1472	1
1616	1
2000	1
2720	1
2822	1
2888	1
2903	12
