0	556101
3	131977
6	101272
9	24818
12	26370
15	7257
18	5621
21	1558
24	9541
27	6033
30	3632
33	7240
36	4036
39	20909
42	1408
45	18842
48	13356
51	5041
54	3478
57	1079
60	2950
63	3216
66	402
69	4724
72	4530
75	635
78	122
81	833
84	1891
87	60
90	1564
93	676
96	1716
99	838
102	1521
105	564
108	464
111	59
114	768
117	24
120	696
123	24
126	53
129	36
132	131
135	234
138	491
141	90
144	619
150	715
153	22
156	423
159	422
162	12
165	172
168	1037
171	688
174	62
177	187
183	9
186	859
189	90
192	171
195	679
198	615
201	104
204	440
207	41
210	591
213	188
216	144
219	5
222	4
225	5
228	33
231	13
234	814
237	1
240	87
249	21
252	288
255	7
258	8
264	66
267	403
270	14
273	583
276	1018
279	24
282	20
285	14
288	48
291	148
294	12
297	14
303	5
306	8
309	1
312	38
318	9
321	59
324	13
330	15
336	40
339	1
360	124
363	428
366	9
378	1
384	21
393	561
396	4
408	31
423	1
429	146
432	24
456	22
477	293
480	15
489	474
501	475
504	306
528	13
552	12
555	19
567	1
573	32
576	46
579	157
600	75
609	9
624	10
639	8
648	9
669	2
672	8
693	6
696	11
720	12
744	5
768	3
792	3
798	3
816	6
840	2
864	5
867	837
888	3
912	4
924	1079
936	2
960	3
984	2
1008	4
1032	3
1056	1
1080	3
1095	1246
1104	2
1161	2
1173	1
1239	420
1536	2
1608	2
1632	1
1656	1
1725	3
1848	1
1923	3
1929	1
2598	1
3081	7
