1	248621
4	109719
7	31955
10	10178
13	30322
16	7751
19	5855
22	1462
25	1289
28	3115
31	4876
34	5440
37	714
40	6954
43	1839
46	2730
49	880
52	754
55	785
58	1063
61	560
64	11935
67	706
70	1163
73	1953
76	2155
79	83
82	6969
85	571
88	1838
91	403
94	296
97	1460
100	61
103	322
106	315
109	158
112	2099
115	219
118	153
121	26
124	1964
127	2061
130	412
133	754
136	501
139	42
142	96
145	398
148	33
151	28
154	92
157	110
160	609
163	199
166	96
169	1061
172	1
178	334
181	126
184	241
187	41
190	68
193	744
196	8
199	10
202	5
205	403
208	163
214	3
217	26
220	63
223	56
226	16
229	31
232	127
235	63
244	146
247	5
250	20
256	57
259	40
262	13
265	12
268	8
271	3
280	45
283	16
289	1
292	42
295	18
298	1805
301	2
304	126
307	1
319	24
325	4
328	27
343	17
352	27
364	5
367	9
376	17
385	2
394	1
400	20
412	1
424	36
436	43
448	23
472	18
496	15
505	100
520	77
535	60
544	7
556	308
568	12
574	1
580	60
592	11
598	32
616	9
619	1
640	7
649	26
664	11
667	3
676	419
688	7
700	1102
709	185
712	10
736	6
751	1
760	10
772	10
784	6
787	64
802	40
808	7
826	61
832	217
841	2
856	4
880	3
904	1
907	1
928	5
952	4
976	2
1006	77
1018	5
1024	7
1048	1
1057	413
1072	1
1141	4
1168	1
1192	1
1210	5
1216	1
1288	1
1360	1
1684	2
2512	1
2788	2
6664	1
